0.0206569 -0.438007 0.194432 -0.171033 0.425972 -0.059047 0.0493727 -0.39383 0.382379 -0.480511 0.406085 0.120605 -0.466918 0.212746 0.0959121 -0.092907 -0.108458 -0.47157 -0.0570119 -0.00737676 -0.146877 -0.499263 0.146896 -0.396844 -0.12319 -0.166095 0.167901 0.109569 
0.452386 -0.18943 -0.42755 0.103737 -0.242269 0.449611 0.414894 0.272669 0.0810517 0.0592078 -0.332304 0.0257397 -0.193478 -0.46504 0.416807 0.299646 -0.249322 -0.112874 0.157678 -0.0939637 -0.01367 0.0424395 0.0186474 0.151407 0.446806 -0.158244 0.243124 0.335512 
-0.287216 0.135811 0.41346 0.162888 0.0808375 -0.018345 -0.251538 -0.494338 0.413987 0.0852239 -0.219859 0.0815279 0.0517052 0.0318779 -0.474208 0.143035 0.255943 0.222268 -0.247455 0.267624 -0.274959 -0.357221 -0.360212 0.246982 0.398394 0.306215 -0.336797 0.316358 
0.281292 -0.304887 -0.302701 0.18848 0.474208 -0.0696708 -0.491234 0.385929 -0.359681 -0.0570483 -0.35684 -0.490766 -0.408631 -0.0921407 -0.401738 -0.399701 -0.495173 0.182342 0.495709 -0.17779 -0.278633 -0.106479 0.202429 0.277779 0.390658 0.199098 0.181171 0.131335 
-0.361407 -0.239938 -0.393972 -0.191422 -0.386392 0.169994 -0.14557 0.100203 -0.0244912 0.102936 0.106048 -0.347642 0.200213 0.0332704 -0.493492 0.0691201 0.291049 -0.273624 -0.475105 0.238917 -0.0313221 0.327971 -0.148662 0.404008 -0.0290213 -0.397289 0.425048 -0.482442 
0.430081 -0.0583773 0.242175 -0.0383392 0.156094 0.302128 -0.441788 -0.283414 -0.229976 0.387771 0.421607 0.282023 -0.0373513 -0.138913 0.170488 0.2969 0.0263839 -0.444243 0.0915538 -0.0792146 0.424855 0.223472 -0.20759 -0.467708 0.151828 -0.00125232 -0.31185 -0.175722 
0.25585 -0.201758 0.434092 -0.298081 -0.274848 0.166805 0.188205 0.247853 0.355322 0.431193 -0.176595 0.258254 -0.379366 -0.267527 -0.298917 -0.302567 0.238407 0.17667 -0.323505 -0.279132 -0.402984 0.215222 -0.027188 -0.338814 0.341558 -0.162731 -0.00377095 0.307813 
-0.0263196 0.080868 -0.445324 0.434544 -0.212122 0.473217 0.0895984 0.140605 -0.378486 0.397924 -0.231193 0.260445 0.222187 0.320946 -0.301121 0.423364 0.430537 0.0938548 0.258608 0.499113 0.362635 0.392473 0.056423 -0.0864686 0.405042 -0.408784 -0.436232 0.294996 
0.0342394 0.431049 0.43305 0.0616249 -0.155888 -0.469181 0.43688 0.0389646 -0.383243 0.373391 0.472758 -0.364308 -0.363543 -0.30425 0.472186 0.238142 0.0190641 0.310186 -0.412271 0.339913 -0.244202 0.229277 -0.14037 -0.290577 0.240048 -0.379447 -0.364421 0.379051 
0.109061 0.0556655 0.37626 -0.303536 -0.380406 0.238387 -0.138072 -0.0486925 0.469319 -0.312375 -0.43464 0.224207 -0.296548 -0.256856 0.247694 -0.0692451 0.002213 -0.371195 0.145783 0.165575 0.356764 -0.416058 -0.0932997 0.378108 0.369913 -0.198163 -0.256012 0.22391 
-0.353328 -0.0088084 0.17529 -0.487476 -0.0518882 -0.454811 0.454447 0.450012 0.146928 -0.0289772 0.147906 0.140405 0.311867 -0.0376944 -0.297535 0.171449 -0.311996 -0.362596 0.176322 -0.343688 0.438342 0.4287 -0.0370441 -0.00809801 -0.493482 -0.114701 -0.0570897 0.36964 
-0.0110723 -0.335989 -0.35247 -0.0792109 0.158758 0.16729 -0.233645 -0.0717444 0.317028 0.35108 0.40989 0.255536 -0.358471 0.342445 -0.344807 -0.261528 -0.0671074 0.321294 -0.40378 0.437421 -0.0584249 0.49135 -0.429593 -0.332025 0.196224 0.223087 0.394134 0.467441 
0.0622302 -0.266558 -0.310171 0.177657 0.0513081 0.157355 -0.381288 0.357376 0.0337522 -0.177295 0.298427 -0.35627 0.231616 -0.144832 0.325006 0.107586 -0.213183 0.394869 0.0531723 -0.130034 -0.39033 -0.398045 0.0500495 -0.0831159 -0.21975 -0.148986 0.354848 -0.365552 
-0.110079 0.183698 0.228469 -0.392959 0.219561 0.11975 0.0303538 0.461648 0.240924 -0.279269 0.265628 -0.146877 0.21655 -0.476889 -0.331164 0.0499164 -0.266649 -0.0887642 -0.157668 -0.115404 0.27657 0.387462 -0.0431343 0.187228 -0.469478 -0.233195 0.10114 -0.273843 
0.489172 -0.173856 0.367057 -0.483842 -0.00902379 -0.017928 0.422856 -0.152887 -0.499898 -0.25468 0.380714 0.0383178 0.450403 -0.419159 -0.257945 0.0336586 0.135638 0.288461 0.00758868 0.206335 0.201838 0.0291452 0.179612 0.465056 -0.357424 0.150455 -0.211569 0.0213346 
0.140213 0.427676 -0.138739 -0.079988 0.494885 -0.17247 -0.364035 -0.293975 -0.349622 -0.00779015 -0.424012 -0.210541 0.305708 0.154107 -0.182315 0.316219 0.428442 -0.214698 0.0953971 -0.410337 -0.393877 -0.383211 -0.278312 -0.186851 0.0667152 0.20119 0.340968 -0.331918 
-0.0381118 0.446699 -0.311219 0.43992 -0.38276 0.0489948 0.425654 -0.0793619 -0.360556 -0.166574 -0.494484 0.483138 0.196418 0.263246 -0.0564039 -0.458941 -0.353074 -0.0978455 0.340709 0.419429 -0.177519 0.0491543 -0.186225 -0.45045 0.325429 -0.370571 -0.0573443 0.329757 
-0.275571 0.399546 0.1274 -0.441033 0.32123 -0.238648 -0.19231 -0.119801 -0.418998 0.365235 -0.147202 0.01487 0.185362 0.0551501 -0.0479409 -0.0603139 0.386519 0.0068059 0.231883 -0.0512465 -0.168548 0.128419 0.263185 0.0668819 0.330461 0.414811 -0.457525 -0.128489 
-0.458464 -0.460981 -0.293458 -0.189175 -0.152293 -0.402674 0.30389 -0.174701 -0.000645906 -0.158326 0.170872 -0.41495 0.478292 -0.363315 0.0494717 0.0867274 0.317072 -0.153541 -0.297845 -0.0830044 -0.213416 0.486217 0.412937 -0.0452276 0.226032 -0.400982 -0.108149 -0.209375 
-0.462427 -0.19262 -0.121329 0.492128 0.221539 0.018562 -0.213557 -0.306215 -0.033649 -0.000745684 0.4594 -0.0254246 0.229357 0.297042 -0.265114 -0.365562 0.0847443 0.255332 0.254713 0.146123 -0.334959 -0.429279 0.0775275 0.212996 -0.152112 0.143701 0.224741 0.427579 
-0.118579 0.473485 0.42867 -0.105212 -0.275439 -0.220494 -0.465917 0.486974 0.0457764 -0.166225 0.269043 -0.311289 -0.442271 0.077598 0.222984 0.260009 0.213125 -0.439341 0.0940346 -0.0299396 -0.277557 0.436377 -0.0989166 0.40912 -0.410169 -0.453522 -0.463347 0.234277 
-0.0723399 0.493145 -0.17763 0.0281872 -0.0784203 0.360895 -0.258654 0.0326167 -0.233966 -0.235717 -0.100238 0.287875 -0.33346 0.456197 -0.326091 0.33624 0.0686215 -0.310617 -0.237406 0.274069 -0.177683 -0.336306 0.167395 0.453895 0.335083 0.355023 0.203086 -0.0946227 
-0.0618441 -0.494408 -0.188169 0.0319632 0.293206 0.375335 -0.208456 -0.2097 0.394795 0.0104475 0.0563284 0.162487 -0.0192867 0.0807326 0.13302 -0.223315 -0.239003 -0.336774 -0.158231 0.280021 0.112737 -0.0595711 0.30724 -0.239646 -0.42452 -0.420113 -0.081424 -0.0770237 
-0.377062 0.0268999 0.156302 0.317755 -0.0961137 -0.383814 -0.384912 0.13619 0.455149 0.433022 -0.131419 -0.274176 -0.220204 0.435521 0.376302 0.191663 -0.101615 -0.460259 -0.263425 -0.451737 -0.3612 0.00829732 -0.409193 -0.00279415 -0.402359 0.174656 -0.494801 -0.263716 
0.313481 -0.368348 0.363273 0.489485 -0.0376347 0.339654 0.487801 -0.0715008 -0.453891 -0.186295 0.436531 -0.101693 -0.415943 -0.069847 0.437514 0.248292 -0.177693 0.105042 0.48134 0.376842 -0.243556 -0.174908 -0.307549 -0.468569 0.0828555 -0.40322 -0.119445 -0.480511 
-0.404141 0.0460996 -0.325942 0.039042 0.314417 -0.0494065 -0.230592 -0.210928 -0.0599246 0.300039 -0.235132 0.250002 0.0643965 -0.346098 0.340627 -0.134478 -0.0759743 -0.357199 0.221724 0.32334 -0.231554 0.382459 -0.211106 0.0393686 0.352616 0.356838 0.175623 0.400237 
0.304977 -0.103783 -0.356411 -0.176621 0.0122938 -0.00886017 0.0803311 0.451612 -0.224499 0.0615914 0.268185 -0.0947341 0.333146 0.457443 -0.158413 -0.155042 -0.379072 -0.241412 0.49829 -0.043648 -0.362863 0.471301 -0.410751 0.0512916 0.0188088 0.190616 -0.270919 0.344486 
-0.473807 -0.267639 -0.346858 0.0834845 -0.179383 0.208773 -0.450781 -0.384849 -0.0989475 0.376491 0.245753 0.019941 0.254533 -0.432427 -0.0229802 0.00441271 -0.126925 0.368016 -0.0761469 -0.13068 0.128844 0.473995 -0.185691 -0.17029 -0.0318619 -0.459139 0.489453 -0.154053 
0.0206569 -0.438007 0.194432 -0.171033 0.425972 -0.059047 0.0493727 -0.39383 0.382379 -0.480511 0.406085 0.120605 -0.466918 0.212746 0.0959121 -0.092907 -0.108458 -0.47157 -0.0570119 -0.00737676 -0.146877 -0.499263 0.146896 -0.396844 -0.12319 -0.166095 0.167901 0.109569 
0.452386 -0.18943 -0.42755 0.103737 -0.242269 0.449611 0.414894 0.272669 0.0810517 0.0592078 -0.332304 0.0257397 -0.193478 -0.46504 0.416807 0.299646 -0.249322 -0.112874 0.157678 -0.0939637 -0.01367 0.0424395 0.0186474 0.151407 0.446806 -0.158244 0.243124 0.335512 
-0.287216 0.135811 0.41346 0.162888 0.0808375 -0.018345 -0.251538 -0.494338 0.413987 0.0852239 -0.219859 0.0815279 0.0517052 0.0318779 -0.474208 0.143035 0.255943 0.222268 -0.247455 0.267624 -0.274959 -0.357221 -0.360212 0.246982 0.398394 0.306215 -0.336797 0.316358 
0.281292 -0.304887 -0.302701 0.18848 0.474208 -0.0696708 -0.491234 0.385929 -0.359681 -0.0570483 -0.35684 -0.503708 -0.646291 -0.253331 -0.401738 -0.399701 -0.495173 0.182342 0.495709 -0.17779 -0.278633 -0.106479 0.202429 0.277779 0.390658 0.199098 0.181171 0.131335 
-0.361407 -0.239938 -0.393972 -0.191422 -0.386392 0.169994 -0.14557 0.100203 -0.0244912 0.102936 0.106048 -0.35117 -0.0629166 -0.0463496 -0.584862 -0.0493199 0.212609 -0.323434 -0.497458 0.221267 -0.0462221 0.350721 -0.0745417 0.431458 -0.0290213 -0.397289 0.425048 -0.482442 
0.430081 -0.0583773 0.242175 -0.0383392 0.156094 0.302128 -0.442181 -0.286159 -0.297806 0.286607 0.382402 0.156158 -0.232639 -0.0871519 0.260288 0.0816148 -0.237141 -0.740707 -0.146481 -0.141177 0.346036 0.265432 -0.10798 -0.416728 0.151828 -0.00125232 -0.31185 -0.175722 
0.25585 -0.201758 0.434092 -0.298081 -0.274848 0.166805 0.178401 0.170986 0.396097 0.537083 -0.147578 0.181012 -0.321726 0.0893532 0.0618431 -0.171221 0.172527 -0.0986512 -0.722313 -0.581096 -0.676325 0.0654062 0.036732 -0.287834 0.341558 -0.162731 -0.00377095 0.307813 
-0.0263196 0.080868 -0.445324 0.434544 -0.212122 0.46655 0.00920836 0.253541 -0.130233 0.486158 -0.0574219 0.399288 0.569656 0.847245 -0.0148211 0.527282 0.196057 -0.430845 -0.291212 0.0508706 -0.0177714 0.11522 -0.093765 -0.0801956 0.425042 -0.375454 -0.436232 0.294996 
0.0342394 0.431049 0.43305 0.0616249 -0.15628 -0.475074 0.678846 0.418179 -0.0361722 0.565559 0.700245 0.000787826 -0.0537173 -0.348186 0.49336 0.291502 -0.420521 -0.502009 -1.0029 -0.309131 -0.816786 -0.048763 -0.206235 -0.498417 0.280438 -0.308467 -0.364421 0.379051 
0.109061 0.0556655 0.37626 -0.303536 -0.350601 0.475257 0.309777 0.205066 0.643482 -0.0068265 0.184978 0.333616 -0.45815 -0.800807 0.0786648 -0.153539 -0.524478 -1.18142 -0.644437 -0.823425 -0.109145 -0.567037 -0.194042 0.241241 0.455023 -0.176203 -0.256012 0.22391 
-0.353328 -0.0088084 0.17529 -0.487476 0.132427 -0.0806776 0.830958 0.509589 -0.0142488 0.28948 0.396105 0.0294414 0.118567 -0.56003 -0.395937 -0.163852 -0.670016 -0.471203 0.00377454 -0.760536 0.0132219 0.0483252 -0.198606 -0.24811 -0.361322 -0.113525 -0.0570897 0.36964 
-0.0110723 -0.335989 -0.35247 -0.0807799 0.361502 0.203395 -0.240344 -0.701905 -0.0135185 0.169108 0.35343 0.221459 -0.566669 0.0812863 -0.248358 -0.437617 -0.0784674 0.213462 -0.425758 0.108401 -0.281914 0.268629 -0.986828 -0.555903 0.24292 0.223087 0.394134 0.467441 
0.0622302 -0.266558 -0.310171 0.164717 0.378348 0.0420581 -0.657749 0.0746353 -0.0203568 -0.0980809 0.200369 -0.522953 0.226913 0.034798 0.66694 0.458596 0.216608 0.725853 -0.0515276 -0.351985 -0.682109 -0.517654 -0.493041 -0.352099 0.00378001 -0.0666336 0.391708 -0.365552 
-0.110079 0.183698 0.228469 -0.480409 0.261551 -0.054754 -0.233565 0.447129 0.238173 -0.197285 0.00956341 0.046844 0.591512 -0.157268 0.415909 0.94561 0.161969 0.252833 -0.0784685 -0.128341 0.00127504 0.258056 -0.348624 0.102135 -0.214942 0.123675 0.24546 -0.273843 
0.489172 -0.173856 0.367057 -0.546982 0.0411932 -0.233615 0.256571 -0.206622 -0.615958 -0.40057 0.249703 0.414389 1.15434 0.33496 0.80639 0.887779 0.522322 0.670064 0.0381917 0.237711 0.133202 -0.0288648 0.0816033 0.511711 -0.450357 0.493979 -0.0574517 0.0213346 
0.140213 0.427676 -0.138739 -0.12116 0.501146 -0.42662 -0.380113 -0.193974 -0.281009 0.0584739 -0.0110681 0.382824 0.746121 0.939226 0.672987 0.894671 1.061 0.417867 0.347987 -0.376617 -0.563297 -0.244388 -0.375965 -0.358231 -0.132135 0.540793 0.500968 -0.331918 
-0.0381118 0.446699 -0.311219 0.408156 -0.647847 -0.285537 0.332679 0.572446 -0.0514831 0.493864 0.0310115 0.874122 0.852128 0.921318 0.51185 0.0163572 0.449677 0.580643 0.705459 0.0896692 -0.510849 0.042474 -0.236777 -0.636322 0.191309 -0.155671 0.0340307 0.329757 
-0.275571 0.399546 0.1274 -0.534763 0.121621 -0.451626 -0.32286 0.35588 0.07004 0.742103 0.138294 0.390577 0.679122 0.609664 0.501467 0.737312 1.16142 0.472706 0.171107 -0.610479 -0.521529 0.240212 0.306688 0.165296 0.415955 0.553623 -0.370075 -0.128489 
-0.458464 -0.460981 -0.293458 -0.204075 -0.209159 -0.746618 0.242734 0.00453922 0.100942 -0.492484 0.261878 -0.0921628 0.908502 0.0515991 0.638512 0.707509 0.562585 -0.343353 -0.588051 -0.650067 -0.407935 0.583479 0.555697 0.0818343 0.484475 -0.0892121 -0.0399087 -0.209375 
-0.462427 -0.19262 -0.121329 0.492128 0.205459 0.00130633 -0.410417 -0.208918 -0.107344 -0.352496 0.4504 0.23106 0.340766 0.221726 -0.181184 -0.0945726 0.316504 0.360044 0.0566634 -0.07586 -0.0412085 -0.22022 0.0339974 0.30398 0.0416054 0.433891 0.224741 0.427579 
-0.118579 0.473485 0.42867 -0.105212 -0.276615 -0.0448139 -0.424738 0.487368 -0.0785518 -0.365845 0.0886934 -0.588939 -0.400713 0.168962 0.302197 0.373735 0.321769 -0.440136 0.127379 0.283383 0.00129877 0.776392 0.0379334 0.674615 -0.127429 -0.355092 -0.463347 0.234277 
-0.0723399 0.493145 -0.17763 0.0168172 -0.18078 0.268732 -0.262184 0.0463362 -0.35123 -0.153768 0.113078 0.507483 -0.42719 0.0456393 -0.556301 0.242129 -0.0831695 -0.489825 -0.262919 0.47369 0.176428 -0.112807 0.463843 0.861324 0.489203 0.395413 0.203086 -0.0946227 
-0.0618441 -0.494408 -0.188169 0.0280412 0.225758 0.212585 -0.373946 -0.36891 0.435574 0.22694 0.0634144 0.10328 -0.0439767 -0.178893 -0.23876 -0.548416 -0.701374 -0.710115 -0.320975 0.271 0.113907 0.116132 0.573136 0.0772315 -0.40138 -0.410701 -0.081424 -0.0770237 
-0.377062 0.0268999 0.156302 0.317755 -0.0961137 -0.440282 -0.533532 -0.0438105 0.334769 0.524002 -0.0545393 -0.327496 -0.421378 0.212391 0.106503 0.0767631 -0.317685 -0.771614 -0.357925 -0.345447 -0.14824 0.305173 -0.111533 0.294866 -0.402359 0.174656 -0.494801 -0.263716 
0.313481 -0.368348 0.363273 0.489485 -0.0376347 0.339654 0.477997 -0.0887558 -0.541341 -0.254525 0.399266 -0.164843 -0.479093 -0.187898 0.193604 -0.0627083 -0.469456 -0.159662 0.416231 0.436833 -0.176506 -0.107858 -0.240499 -0.401519 0.0828555 -0.40322 -0.119445 -0.480511 
-0.404141 0.0460996 -0.325942 0.039042 0.314417 -0.0494065 -0.230592 -0.210928 -0.0599246 0.300039 -0.235132 0.250002 0.0643965 -0.346098 0.314747 -0.233698 -0.175194 -0.426999 0.215057 0.32334 -0.231554 0.382459 -0.211106 0.0393686 0.352616 0.356838 0.175623 0.400237 
0.304977 -0.103783 -0.356411 -0.176621 0.0122938 -0.00886017 0.0803311 0.451612 -0.224499 0.0615914 0.268185 -0.0947341 0.333146 0.457443 -0.158413 -0.155042 -0.379072 -0.241412 0.49829 -0.043648 -0.362863 0.471301 -0.410751 0.0512916 0.0188088 0.190616 -0.270919 0.344486 
-0.473807 -0.267639 -0.346858 0.0834845 -0.179383 0.208773 -0.450781 -0.384849 -0.0989475 0.376491 0.245753 0.019941 0.254533 -0.432427 -0.0229802 0.00441271 -0.126925 0.368016 -0.0761469 -0.13068 0.128844 0.473995 -0.185691 -0.17029 -0.0318619 -0.459139 0.489453 -0.154053 
