0 0
1 0
2 0
3 0
4 0
5 0
6 0
7 0
8 0
9 0
10 0
11 0
12 0
13 0
14 0
15 0
16 0
17 0
18 0
19 0
20 0
21 0
22 0
23 0
24 0
25 0
26 0
27 0
28 0
29 0
30 0
31 0
32 0
33 0
34 0
35 0
36 0
37 0
38 0
39 0
40 0
41 0
42 0
43 0
44 0
45 0
46 0
47 0
48 0
49 0
50 0
51 0
52 0
53 0
54 0
55 0
56 0
57 0
58 0
59 0
60 0
61 0
62 0
63 0
64 0
65 0
66 0
67 0
68 0
69 0
70 0
71 0
72 0
73 0
74 0
75 0
76 0
77 0
78 0
79 0
80 0
81 0
82 0
83 0
84 0
85 0
86 0
87 0
88 0
89 0
90 0
91 0
92 0
93 0
94 0
95 0
96 0
97 0
98 0
99 0
100 0
101 0
102 0
103 0
104 0
105 0
106 0
107 0
108 0
109 0
110 0
111 0
112 0
113 0
114 0
115 0
116 0
117 0
118 0
119 0
120 0
121 0
122 0
123 0
124 0
125 0
126 0
127 0
128 0
129 0
130 0
131 0
132 0
133 0
134 0
135 0
136 0
137 0
138 0
139 0
140 0
141 0
142 0
143 0
144 0
145 0
146 0
147 0
148 0
149 0
150 0
151 0
152 0
153 0
154 0
155 0
156 0
157 0
158 0
159 0
160 0
161 0
162 0
163 0
164 0
165 0
166 0
167 0
168 0
169 0
170 0
171 0
172 0
173 0
174 0
175 0
176 0
177 0
178 0
179 0
180 0
181 0
182 0
183 0
184 0
185 0
186 0
187 0
188 0
189 0
190 0
191 0
192 0
193 0
194 0
195 0
196 0
197 0
198 0
199 0
200 0
201 0
202 0
203 0
204 0
205 0
206 0
207 0
208 0
209 0
210 0
211 0
212 0
213 0
214 0
215 0
216 0
217 0
218 0
219 0
220 0
221 0
222 0
223 0
224 0
225 0
226 0
227 0
228 0
229 0
230 0
231 0
232 0
233 0
234 0
235 0
236 0
237 0
238 0
239 0
240 0
241 0
242 0
243 0
244 0
245 0
246 0
247 0
248 0
249 0
250 0
251 0
252 0
253 0
254 0
255 0
256 0
257 0
258 0
259 0
260 0
261 0
262 0
263 0
264 0
265 0
266 0
267 0
268 0
269 0
270 0
271 0
272 0
273 0
274 0
275 0
276 0
277 0
278 0
279 0
280 0
281 0
282 0
283 0
284 0
285 0
286 0
287 0
288 0
289 0
290 0
291 0
292 0
293 0
294 0
295 0
296 0
297 0
298 0
299 0
300 0
301 0
302 0
303 0
304 0
305 0
306 0
307 0
308 0
309 0
310 0
311 0
312 0
313 0
314 0
315 0
316 0
317 0
318 0
319 0
320 0
321 0
322 0
323 0
324 0
325 0
326 0
327 0
328 0
329 0
330 0
331 0
332 0
333 0
334 0
335 0
336 0
337 0
338 0
339 0
340 0
341 0
342 0
343 0
344 0
345 0
346 0
347 0
348 0
349 0
350 0
351 0
352 0
353 0
354 0
355 0
356 0
357 0
358 0
359 0
360 0
361 0
362 0
363 0
364 0
365 0
366 0
367 0
368 0
369 0
370 0
371 0
372 0
373 0
374 0
375 0
376 0
377 0
378 0
379 0
380 0
381 0
382 0
383 0
384 0
385 0
386 0
387 0
388 0
389 0
390 0
391 0
392 0
393 0
394 0
395 0
396 0
397 0
398 0
399 0
4500 9
4501 9
4502 9
4503 9
4504 9
4505 9
4506 9
4507 9
4508 9
4509 9
4510 9
4511 9
4512 9
4513 9
4514 9
4515 9
4516 9
4517 9
4518 9
4519 9
4520 9
4521 9
4522 9
4523 9
4524 9
4525 9
4526 9
4527 9
4528 9
4529 9
4530 9
4531 9
4532 9
4533 9
4534 9
4535 9
4536 9
4537 9
4538 9
4539 9
4540 9
4541 9
4542 9
4543 9
4544 9
4545 9
4546 9
4547 9
4548 9
4549 9
4550 9
4551 9
4552 9
4553 9
4554 9
4555 9
4556 9
4557 9
4558 9
4559 9
4560 9
4561 9
4562 9
4563 9
4564 9
4565 9
4566 9
4567 9
4568 9
4569 9
4570 9
4571 9
4572 9
4573 9
4574 9
4575 9
4576 9
4577 9
4578 9
4579 9
4580 9
4581 9
4582 9
4583 9
4584 9
4585 9
4586 9
4587 9
4588 9
4589 9
4590 9
4591 9
4592 9
4593 9
4594 9
4595 9
4596 9
4597 9
4598 9
4599 9
4600 9
4601 9
4602 9
4603 9
4604 9
4605 9
4606 9
4607 9
4608 9
4609 9
4610 9
4611 9
4612 9
4613 9
4614 9
4615 9
4616 9
4617 9
4618 9
4619 9
4620 9
4621 9
4622 9
4623 9
4624 9
4625 9
4626 9
4627 9
4628 9
4629 9
4630 9
4631 9
4632 9
4633 9
4634 9
4635 9
4636 9
4637 9
4638 9
4639 9
4640 9
4641 9
4642 9
4643 9
4644 9
4645 9
4646 9
4647 9
4648 9
4649 9
4650 9
4651 9
4652 9
4653 9
4654 9
4655 9
4656 9
4657 9
4658 9
4659 9
4660 9
4661 9
4662 9
4663 9
4664 9
4665 9
4666 9
4667 9
4668 9
4669 9
4670 9
4671 9
4672 9
4673 9
4674 9
4675 9
4676 9
4677 9
4678 9
4679 9
4680 9
4681 9
4682 9
4683 9
4684 9
4685 9
4686 9
4687 9
4688 9
4689 9
4690 9
4691 9
4692 9
4693 9
4694 9
4695 9
4696 9
4697 9
4698 9
4699 9
4700 9
4701 9
4702 9
4703 9
4704 9
4705 9
4706 9
4707 9
4708 9
4709 9
4710 9
4711 9
4712 9
4713 9
4714 9
4715 9
4716 9
4717 9
4718 9
4719 9
4720 9
4721 9
4722 9
4723 9
4724 9
4725 9
4726 9
4727 9
4728 9
4729 9
4730 9
4731 9
4732 9
4733 9
4734 9
4735 9
4736 9
4737 9
4738 9
4739 9
4740 9
4741 9
4742 9
4743 9
4744 9
4745 9
4746 9
4747 9
4748 9
4749 9
4750 9
4751 9
4752 9
4753 9
4754 9
4755 9
4756 9
4757 9
4758 9
4759 9
4760 9
4761 9
4762 9
4763 9
4764 9
4765 9
4766 9
4767 9
4768 9
4769 9
4770 9
4771 9
4772 9
4773 9
4774 9
4775 9
4776 9
4777 9
4778 9
4779 9
4780 9
4781 9
4782 9
4783 9
4784 9
4785 9
4786 9
4787 9
4788 9
4789 9
4790 9
4791 9
4792 9
4793 9
4794 9
4795 9
4796 9
4797 9
4798 9
4799 9
4800 9
4801 9
4802 9
4803 9
4804 9
4805 9
4806 9
4807 9
4808 9
4809 9
4810 9
4811 9
4812 9
4813 9
4814 9
4815 9
4816 9
4817 9
4818 9
4819 9
4820 9
4821 9
4822 9
4823 9
4824 9
4825 9
4826 9
4827 9
4828 9
4829 9
4830 9
4831 9
4832 9
4833 9
4834 9
4835 9
4836 9
4837 9
4838 9
4839 9
4840 9
4841 9
4842 9
4843 9
4844 9
4845 9
4846 9
4847 9
4848 9
4849 9
4850 9
4851 9
4852 9
4853 9
4854 9
4855 9
4856 9
4857 9
4858 9
4859 9
4860 9
4861 9
4862 9
4863 9
4864 9
4865 9
4866 9
4867 9
4868 9
4869 9
4870 9
4871 9
4872 9
4873 9
4874 9
4875 9
4876 9
4877 9
4878 9
4879 9
4880 9
4881 9
4882 9
4883 9
4884 9
4885 9
4886 9
4887 9
4888 9
4889 9
4890 9
4891 9
4892 9
4893 9
4894 9
4895 9
4896 9
4897 9
4898 9
4899 9
